0000000000000000000000000000000000000000
1111111011100000000000000000000000000000
1111111100110100000000000000000000000000
1111111100101100000000000000000000000000
1111111101010100000000000000000000000000
1111111101011100000000000000000000000000
1111111111110101000010000010000000000000
1111111100111000000000000000000000000000
1111111110000000000000000000000000000000
0000000000000000000000000000000000000000
0000000000000000000000000000000000000000
1111111011101000000011000000000000000000
1111111000110000000000001110001000000000
0000000000000000000000000000000000000000
0000000000000000000000000000000000000000
0000000000000000000000000000000000000000
0000000000000000000000000000000000000000
0000000000000000000000000000000000000000
0000000000000000000000000000000000000000
1111111111101000000001110010000000001000
0000000000000000000001101010000000000000
1111111111100000000000001100000000000000
1111111110000000000001110000000000000000
0000000000000000000000000000000000000000
1111111100000000000000000000000000000000
1111111011000000001000100000000000100111
0000000000000000000000000000000000000000
1111111011101000000111100000000000000000
1111111111101000000000010010000000000000
1111111111011000000000010000001100000000
0000000000000111110001100000000000000000
1111111100001000000000000000000000000000
1111111111110100000000000010000000000000
1111111111011000000001110000001000000000
1111110110100101000010000010000000000000
0000000000000000000000001110001000000000
1111110110101101000010000010000000000000
0000000000001000000000001110001000000000
0111111111100000000010100010000000000000
0111111111100000000010010011010000000000
0111111111101000000010000010001000000000
1111111111011000000010010000001000000000
1111111111011000000010100001001000000000
0000000000001000000010010010000000000000
0000000000010000000000001110001000000000
0111111111110000000011010010000000000000
0111111111110000000011000011010000000000
0111111111111000000010110010001000000000
1111111111011000000011000000001000000000
1111111111011000000011010001001000000000
0000000000000000000011000010000000000000
0000000000011000000000001110001000000000
0000000000011000000011100010000000000000
0000001001110000000000001110001000000000
0000000000011000000011100010000000000000
0000000111100000000000001110001000000000
0000000000011000000011100010000000000000
0000000101010000000000001110001000000000
0000000000011000000011100010000000000000
0000000011000000000000001110001000000000
0000000000011000000011100010000000000000
0000000000110000000000001110001000000000
0000000000010000000011110010000000000000
0000001010001000000000001110001000000000
0000000000010000000011110010000000000000
0000000111111000000000001110001000000000
0000000000010000000011110010000000000000
0000000101101000000000001110001000000000
0000000000010000000011110010000000000000
0000000011011000000000001110001000000000
0000000000010000000011110010000000000000
0000000001001000000000001110001000000000
0000000001110000000100110010000000000000
0000000001101000000101000010001000000000
0000000001011000000100110011010000000000
0000000001010000000101000010001000000000
0000000000110000000100000010001000000000
0000000000101000000100010010001000000000
0000000000100000000100100010001000000000
0000000001100000000000001110001000000000
0000000001111000000000001111001000000000
0000000010100000000100110010000000000000
0000000010011000000101000010001000000000
0000000010001000000100110011010000000000
0000000010000000000101000010001000000000
0000000001001000000100000010001000000000
0000000001000000000100010010001000000000
0000000000111000000100100010001000000000
0000000010010000000000001110001000000000
0000000010101000000000001111001000000000
0000000100000000000110000010000000000000
0000000011111000000110010010001000000000
0000000011101000000110000011010000000000
0000000011100000000110010010001000000000
0000000011000000000101010010001000000000
0000000010111000000101100010001000000000
0000000010110000000101110010001000000000
0000000011110000000000001110001000000000
0000000100001000000000001111001000000000
0000000100110000000110000010000000000000
0000000100101000000110010010001000000000
0000000100011000000110000011010000000000
0000000100010000000110010010001000000000
0000000011011000000101010010001000000000
0000000011010000000101100010001000000000
0000000011001000000101110010001000000000
0000000100100000000000001110001000000000
0000000100111000000000001111001000000000
0000000110010000000111010010000000000000
0000000110001000000111100010001000000000
0000000101111000000111010011010000000000
0000000101110000000111100010001000000000
0000000101010000000110100010001000000000
0000000101001000000110110010001000000000
0000000101000000000111000010001000000000
0000000110000000000000001110001000000000
0000000110011000000000001111001000000000
0000000111000000000111010010000000000000
0000000110111000000111100010001000000000
0000000110101000000111010011010000000000
0000000110100000000111100010001000000000
0000000101101000000110100010001000000000
0000000101100000000110110010001000000000
0000000101011000000111000010001000000000
0000000110110000000000001110001000000000
0000000111001000000000001111001000000000
0000001000100000001000100010000000000000
0000001000011000001000110010001000000000
0000001000001000001000100011010000000000
0000001000000000001000110010001000000000
0000000111100000000111110010001000000000
0000000111011000001000000010001000000000
0000000111010000001000010010001000000000
0000001000010000000000001110001000000000
0000001000101000000000001111001000000000
0000001001010000001000100010000000000000
0000001001001000001000110010001000000000
0000001000111000001000100011010000000000
0000001000110000001000110010001000000000
0000000111111000000111110010001000000000
0000000111110000001000000010001000000000
0000000111101000001000010010001000000000
0000001001000000000000001110001000000000
0000001001011000000000001111001000000000
0000001010110000001001110010000000000000
0000001010101000001010000010001000000000
0000001010011000001001110011010000000000
0000001010010000001010000010001000000000
0000001001110000001001000010001000000000
0000001001101000001001010010001000000000
0000001001100000001001100010001000000000
0000001010100000000000001110001000000000
0000001010111000000000001111001000000000
0000001011100000001001110010000000000000
0000001011011000001010000010001000000000
0000001011001000001001110011010000000000
0000001011000000001010000010001000000000
0000001010001000001001000010001000000000
0000001010000000001001010010001000000000
0000001001111000001001100010001000000000
0000001011010000000000001110001000000000
0000001011101000000000001111001000000000
0000001100010000001011000010000000000000
0000001100001000001011010010001000000000
0000001011111000001011000011010000000000
0000001011110000001011010010001000000000
0000000110000000001010010010001000000000
0000000101111000001010100010001000000000
0000000101110000001010110010001000000000
0000001100000000000000001110001000000000
0000001100011000000000001111001000000000
0000001101000000001011000010000000000000
0000001100111000001011010010001000000000
0000001100101000001011000011010000000000
0000001100100000001011010010001000000000
0000000110110000001010010010001000000000
0000000110101000001010100010001000000000
0000000110100000001010110010001000000000
0000001100110000000000001110001000000000
0000001101001000000000001111001000000000
0000001101110000001100010010000000000000
0000001101101000001100100010001000000000
0000001101011000001100010011010000000000
0000001101010000001100100010001000000000
0000000011110000001011100010001000000000
0000000011101000001011110010001000000000
0000000011100000001100000010001000000000
0000001101100000000000001110001000000000
0000001101111000000000001111001000000000
0000001110100000001100010010000000000000
0000001110011000001100100010001000000000
0000001110001000001100010011010000000000
0000001110000000001100100010001000000000
0000000100100000001011100010001000000000
0000000100011000001011110010001000000000
0000000100010000001100000010001000000000
0000001110010000000000001110001000000000
0000001110101000000000001111001000000000
0000001111010000001101100010000000000000
0000001111001000001101110010001000000000
0000001110111000001101100011010000000000
0000001110110000001101110010001000000000
0000001000010000001100110010001000000000
0000001000001000001101000010001000000000
0000001000000000001101010010001000000000
0000001111000000000000001110001000000000
0000001111011000000000001111001000000000
0000010000000000001101100010000000000000
0000001111111000001101110010001000000000
0000001111101000001101100011010000000000
0000001111100000001101110010001000000000
0000001001000000001100110010001000000000
0000001000111000001101000010001000000000
0000001000110000001101010010001000000000
0000001111110000000000001110001000000000
0000010000001000000000001111001000000000
1111111111101000001110000010000000000000
0000010000101101000010000010001001000000
0000010001001000000000001110001000000000
0000010000111101000010000010000000000000
0000010000101101000010000011010000000000
0000010001001101000101000010001000000000
0000010000110000000000001110001000000000
0000010000110000000000001100000000000000
0000010001000000000000001111001000000000
0000001010100111111111110010000000000000
0000010000010000000000001110001000000000
0000001010100111111111110010000000000000
0000010000011000000000001110001000000000
0000001010100111111111110010000000000000
0000010000100000000000001110001000000000
1111111111101000001110010010000000000000
0000010001101101000010000010001001000000
0000010010001000000000001110001000000000
0000010001111101000010000010000000000000
0000010001101101000010000011010000000000
0000010010001101000101000010001000000000
0000010001110000000000001110001000000000
0000010001110000000000001100000000000000
0000010010000000000000001111001000000000
0000001011010111111111110010000000000000
0000010001010000000000001110001000000000
0000001011010111111111110010000000000000
0000010001011000000000001110001000000000
0000001011010111111111110010000000000000
0000010001100000000000001110001000000000
1111111111101000001110100010000000000000
0000010010101101000010000010001001000000
0000010011001000000000001110001000000000
0000010010111101000010000010000000000000
0000010010101101000010000011010000000000
0000010011001101000101000010001000000000
0000010010110000000000001110001000000000
0000010010110000000000001100000000000000
0000010011000000000000001111001000000000
0000000001100111111111110010000000000000
0000010010010000000000001110001000000000
0000000001100111111111110010000000000000
0000010010011000000000001110001000000000
0000000001100111111111110010000000000000
0000010010100000000000001110001000000000
1111111111101000001110110010000000000000
0000010011101101000010000010001001000000
0000010100001000000000001110001000000000
0000010011111101000010000010000000000000
0000010011101101000010000011010000000000
0000010100001101000101000010001000000000
0000010011110000000000001110001000000000
0000010011110000000000001100000000000000
0000010100000000000000001111001000000000
0000000010010111111111110010000000000000
0000010011010000000000001110001000000000
0000000010010111111111110010000000000000
0000010011011000000000001110001000000000
0000000010010111111111110010000000000000
0000010011100000000000001110001000000000
1111111111101000001111000010000000000000
0000010100101101000010000010001001000000
0000010101001000000000001110001000000000
0000010100111101000010000010000000000000
0000010100101101000010000011010000000000
0000010101001101000101000010001000000000
0000010100110000000000001110001000000000
0000010100110000000000001100000000000000
0000010101000000000000001111001000000000
0000001111000111111111110010000000000000
0000010100010000000000001110001000000000
0000001111000111111111110010000000000000
0000010100011000000000001110001000000000
0000001111000111111111110010000000000000
0000010100100000000000001110001000000000
1111111111101000001111010010000000000000
0000010101101101000010000010001001000000
0000010110001000000000001110001000000000
0000010101111101000010000010000000000000
0000010101101101000010000011010000000000
0000010110001101000101000010001000000000
0000010101110000000000001110001000000000
0000010101110000000000001100000000000000
0000010110000000000000001111001000000000
0000001111110111111111110010000000000000
0000010101010000000000001110001000000000
0000001111110111111111110010000000000000
0000010101011000000000001110001000000000
0000001111110111111111110010000000000000
0000010101100000000000001110001000000000
1111111111101000001111100010000000000000
0000010110101101000010000010001001000000
0000010111001000000000001110001000000000
0000010110111101000010000010000000000000
0000010110101101000010000011010000000000
0000010111001101000101000010001000000000
0000010110110000000000001110001000000000
0000010110110000000000001100000000000000
0000010111000000000000001111001000000000
0000001100000111111111110010000000000000
0000010110010000000000001110001000000000
0000001100000111111111110010000000000000
0000010110011000000000001110001000000000
0000001100000111111111110010000000000000
0000010110100000000000001110001000000000
1111111111101000001111110010000000000000
0000010111101101000010000010001001000000
0000011000001000000000001110001000000000
0000010111111101000010000010000000000000
0000010111101101000010000011010000000000
0000011000001101000101000010001000000000
0000010111110000000000001110001000000000
0000010111110000000000001100000000000000
0000011000000000000000001111001000000000
0000001100110111111111110010000000000000
0000010111010000000000001110001000000000
0000001100110111111111110010000000000000
0000010111011000000000001110001000000000
0000001100110111111111110010000000000000
0000010111100000000000001110001000000000
1111111111101000010000000010000000000000
0000011000101101000010000010001001000000
0000011001001000000000001110001000000000
0000011000111101000010000010000000000000
0000011000101101000010000011010000000000
0000011001001101000101000010001000000000
0000011000110000000000001110001000000000
0000011000110000000000001100000000000000
0000011001000000000000001111001000000000
0000001101100111111111110010000000000000
0000011000010000000000001110001000000000
0000001101100111111111110010000000000000
0000011000011000000000001110001000000000
0000001101100111111111110010000000000000
0000011000100000000000001110001000000000
1111111111101000010000010010000000000000
0000011001101101000010000010001001000000
0000011010001000000000001110001000000000
0000011001111101000010000010000000000000
0000011001101101000010000011010000000000
0000011010001101000101000010001000000000
0000011001110000000000001110001000000000
0000011001110000000000001100000000000000
0000011010000000000000001111001000000000
0000001110010111111111110010000000000000
0000011001010000000000001110001000000000
0000001110010111111111110010000000000000
0000011001011000000000001110001000000000
0000001110010111111111110010000000000000
0000011001100000000000001110001000000000
0000010000010000010000100010000000000000
0000010100010000010000110010001000000000
0000010110010000010001000010001000000000
0000011000010000010001010010001000000000
0000010010010000010001100010001000000000
0000011010010000000000001110001000000000
0000010001010000010000100010000000000000
0000010101010000010000110010001000000000
0000010111010000010001000010001000000000
0000011001010000010001010010001000000000
0000010011010000010001100010001000000000
0000011010011000000000001110001000000000
0000010000011000010001110010000000000000
0000010100011000010010000010001000000000
0000010110011000010010010010001000000000
0000011000011000010010100010001000000000
0000010010011000010010110010001000000000
0000011010100000000000001110001000000000
0000010001011000010001110010000000000000
0000010101011000010010000010001000000000
0000010111011000010010010010001000000000
0000011001011000010010100010001000000000
0000010011011000010010110010001000000000
0000011010101000000000001110001000000000
0000010000100000010011000010000000000000
0000010100100000010011010010001000000000
0000010110100000010011100010001000000000
0000011000100000010011110010001000000000
0000010010100000010100000010001000000000
0000011010110000000000001110001000000000
0000010001100000010011000010000000000000
0000010101100000010011010010001000000000
0000010111100000010011100010001000000000
0000011001100000010011110010001000000000
0000010011100000010100000010001000000000
0000011010111000000000001110001000000000
0000011010010000010100010010000000000000
0000011010011000010100010100000000000000
0000011010100000010100100010001000000000
0000011010101000010100100100010000000000
0000011010110000010100110010001000000000
0000011010111000010100110100010000000000
0000011011000000000000001110001000000000
0000011011001000000000001110010000000000
0000011011001101000010000010000000000000
1111110110111000000000001110001000000000
0000011011000101000010000010000000000000
1111110110110000000000001110001000000000
0000000000000000000000000000000000000000
1111111000110000000000000000000000000000
0000000000000000000000000000000000000000
1111111011000000000011110000000000000000
0000000000000000000000000000000000000000
